-6.62231445e-03
-3.14331055e-03
3.75366211e-03
8.81958008e-03
1.62658691e-02
2.31628418e-02
3.24401855e-02
4.02526855e-02
5.12084961e-02
6.35070801e-02
7.07702637e-02
7.90405273e-02
9.99450684e-02
1.20788574e-01
1.25640869e-01
1.29486084e-01
1.50970459e-01
1.72241211e-01
1.87225342e-01
1.93420410e-01
1.83227539e-01
1.71203613e-01
1.83410645e-01
2.16186523e-01
2.36999512e-01
2.33123779e-01
2.21008301e-01
2.17773438e-01
2.21954346e-01
2.36053467e-01
2.54333496e-01
2.62237549e-01
2.60833740e-01
2.64434814e-01
2.72705078e-01
2.78564453e-01
2.87841797e-01
3.03588867e-01
3.11737061e-01
3.01696777e-01
2.81677246e-01
2.82653809e-01
3.19183350e-01
3.57940674e-01
3.65051270e-01
3.46405029e-01
3.28155518e-01
3.13201904e-01
3.26721191e-01
3.75274658e-01
4.02893066e-01
3.81011963e-01
3.49487305e-01
3.52539062e-01
3.66668701e-01
3.71032715e-01
3.82019043e-01
3.79028320e-01
3.77990723e-01
4.18792725e-01
4.62585449e-01
4.43847656e-01
4.07928467e-01
4.18670654e-01
4.48730469e-01
4.87304688e-01
5.07965088e-01
4.93255615e-01
4.50988770e-01
4.30206299e-01
4.54742432e-01
4.87976074e-01
5.10131836e-01
5.14373779e-01
4.80468750e-01
4.25659180e-01
4.29412842e-01
4.72595215e-01
4.77294922e-01
4.41894531e-01
4.22088623e-01
4.30358887e-01
4.34478760e-01
4.38659668e-01
4.49371338e-01
4.57275391e-01
4.50561523e-01
4.21569824e-01
3.97277832e-01
4.00695801e-01
4.20562744e-01
4.23889160e-01
4.09088135e-01
4.04571533e-01
4.08477783e-01
3.96209717e-01
3.67645264e-01
3.55773926e-01
3.58489990e-01
3.47290039e-01
3.24310303e-01
3.05297852e-01
2.98553467e-01
2.84149170e-01
2.60803223e-01
2.42980957e-01
2.25555420e-01
2.09503174e-01
1.93908691e-01
1.73370361e-01
1.52130127e-01
1.31591797e-01
1.19384766e-01
1.13983154e-01
9.67712402e-02
6.96716309e-02
4.50134277e-02
2.51770020e-02
4.30297852e-03
-4.88281250e-03
-1.33361816e-02
-3.39965820e-02
-6.00891113e-02
-7.95898438e-02
-9.13391113e-02
-1.12640381e-01
-1.39099121e-01
-1.57958984e-01
-1.76574707e-01
-1.96655273e-01
-2.16400146e-01
-2.38800049e-01
-2.55218506e-01
-2.60925293e-01
-2.74475098e-01
-3.05999756e-01
-3.31085205e-01
-3.48907471e-01
-3.61816406e-01
-3.79699707e-01
-4.11437988e-01
-4.37042236e-01
-4.63531494e-01
-4.82788086e-01
-4.88769531e-01
-5.01739502e-01
-5.25848389e-01
-5.41809082e-01
-5.60516357e-01
-5.96893311e-01
-6.08612061e-01
-6.20513916e-01
-6.48376465e-01
-6.84600830e-01
-7.19909668e-01
-7.29736328e-01
-7.44689941e-01
-7.75482178e-01
-8.07800293e-01
-8.15002441e-01
-8.04382324e-01
-8.18756104e-01
-8.41339111e-01
-8.44482422e-01
-8.43292236e-01
-8.69750977e-01
-8.99353027e-01
-9.02465820e-01
-9.03869629e-01
-9.13635254e-01
-9.30572510e-01
-9.39270020e-01
-9.36248779e-01
-9.21966553e-01
-9.25628662e-01
-9.53887939e-01
-9.68658447e-01
-9.54986572e-01
-9.35516357e-01
-9.30694580e-01
-9.36157227e-01
-9.51385498e-01
-9.58557129e-01
-9.54681396e-01
-9.42382812e-01
-9.34722900e-01
-9.30755615e-01
-9.21447754e-01
-9.16778564e-01
-9.12963867e-01
-9.06921387e-01
-9.03808594e-01
-8.97735596e-01
-8.95782471e-01
-8.91510010e-01
-8.78265381e-01
-8.76922607e-01
-8.67156982e-01
-8.46435547e-01
-8.41613770e-01
-8.49884033e-01
-8.53424072e-01
-8.55194092e-01
-8.65203857e-01
-8.63281250e-01
-8.35418701e-01
-8.13476562e-01
-8.20343018e-01
-8.24554443e-01
-8.09631348e-01
-7.99835205e-01
-8.02612305e-01
-8.02856445e-01
-7.87445068e-01
-7.67059326e-01
-7.59063721e-01
-7.64312744e-01
-7.71606445e-01
-7.54943848e-01
-7.28271484e-01
-7.14141846e-01
-7.10723877e-01
-7.12341309e-01
-6.99157715e-01
-6.80389404e-01
-6.65222168e-01
-6.54998779e-01
-6.48468018e-01
-6.33392334e-01
-6.14807129e-01
-5.99365234e-01
-5.86486816e-01
-5.67871094e-01
-5.48889160e-01
-5.35888672e-01
-5.25604248e-01
-5.10925293e-01
-4.81048584e-01
-4.51263428e-01
-4.40521240e-01
-4.42565918e-01
-4.33868408e-01
-4.03839111e-01
-3.71734619e-01
-3.46801758e-01
-3.33679199e-01
-3.37310791e-01
-3.37524414e-01
-3.12194824e-01
-2.78808594e-01
-2.63946533e-01
-2.66937256e-01
-2.65106201e-01
-2.49694824e-01
-2.22930908e-01
-1.92291260e-01
-1.67449951e-01
-1.49291992e-01
-1.44165039e-01
-1.41876221e-01
-1.31652832e-01
-1.14837646e-01
-1.01470947e-01
-8.34960938e-02
-6.40258789e-02
-5.41076660e-02
-4.58679199e-02
-3.29895020e-02
-2.04467773e-02
-8.78906250e-03
6.86645508e-03
1.91040039e-02
3.42102051e-02
6.08520508e-02
7.83996582e-02
8.31298828e-02
9.06677246e-02
1.03637695e-01
1.21032715e-01
1.39160156e-01
1.57257080e-01
1.67358398e-01
1.71234131e-01
1.80969238e-01
2.02880859e-01
2.22930908e-01
2.36175537e-01
2.51342773e-01
2.70904541e-01
2.97393799e-01
3.21472168e-01
3.31481934e-01
3.39141846e-01
3.57910156e-01
3.81896973e-01
4.11468506e-01
4.31457520e-01
4.38140869e-01
4.51385498e-01
4.75982666e-01
4.93713379e-01
5.01068115e-01
5.13610840e-01
5.32104492e-01
5.53466797e-01
5.66741943e-01
5.73242188e-01
5.77301025e-01
5.90332031e-01
6.10534668e-01
6.20117188e-01
6.24328613e-01
6.32232666e-01
6.43554688e-01
6.51458740e-01
6.53656006e-01
6.58416748e-01
6.68823242e-01
6.70104980e-01
6.67358398e-01
6.75323486e-01
6.84204102e-01
6.88446045e-01
6.93176270e-01
6.98791504e-01
7.00531006e-01
7.03796387e-01
7.06634521e-01
7.06268311e-01
7.07580566e-01
7.12341309e-01
7.18688965e-01
7.14660645e-01
7.05871582e-01
7.04895020e-01
7.11822510e-01
7.13470459e-01
7.09259033e-01
7.07885742e-01
7.09381104e-01
7.08129883e-01
7.04193115e-01
7.09167480e-01
7.17681885e-01
7.21649170e-01
7.16705322e-01
7.00988770e-01
6.85516357e-01
6.72760010e-01
6.69128418e-01
6.78314209e-01
6.84326172e-01
6.70989990e-01
6.67053223e-01
6.75384521e-01
6.70013428e-01
6.59698486e-01
6.54174805e-01
6.54693604e-01
6.52893066e-01
6.45751953e-01
6.38366699e-01
6.36627197e-01
6.33544922e-01
6.31103516e-01
6.23107910e-01
6.06170654e-01
5.92376709e-01
5.88989258e-01
5.79925537e-01
5.62622070e-01
5.51818848e-01
5.45806885e-01
5.41015625e-01
5.41992188e-01
5.45562744e-01
5.37658691e-01
5.24047852e-01
5.14129639e-01
5.15441895e-01
5.22918701e-01
5.18615723e-01
5.03204346e-01
4.89105225e-01
4.81048584e-01
4.77325439e-01
4.66217041e-01
4.56329346e-01
4.51751709e-01
4.51293945e-01
4.54254150e-01
4.51995850e-01
4.50775146e-01
4.46563721e-01
4.39331055e-01
4.32891846e-01
4.22210693e-01
4.17175293e-01
4.15527344e-01
4.06127930e-01
3.89160156e-01
3.71582031e-01
3.56323242e-01
3.48358154e-01
3.48754883e-01
3.45031738e-01
3.35388184e-01
3.26232910e-01
3.22692871e-01
3.19885254e-01
3.16833496e-01
3.11614990e-01
3.02215576e-01
2.89581299e-01
2.81494141e-01
2.79663086e-01
2.76702881e-01
2.67303467e-01
2.56286621e-01
2.50213623e-01
2.45727539e-01
2.37854004e-01
2.30133057e-01
2.21191406e-01
2.13043213e-01
2.11029053e-01
2.03765869e-01
1.91497803e-01
1.80541992e-01
1.75811768e-01
1.76177979e-01
1.73187256e-01
1.60552979e-01
1.43554688e-01
1.27777100e-01
1.14501953e-01
1.02020264e-01
9.11865234e-02
7.73925781e-02
6.04553223e-02
4.49829102e-02
3.77502441e-02
3.22265625e-02
2.07824707e-02
1.11999512e-02
5.49316406e-04
-1.36108398e-02
-2.56652832e-02
-3.29895020e-02
-4.00085449e-02
-4.85229492e-02
-6.35070801e-02
-7.69348145e-02
-8.38928223e-02
-8.78295898e-02
-9.31701660e-02
-9.94567871e-02
-1.06323242e-01
-1.15478516e-01
-1.20269775e-01
-1.26220703e-01
-1.33728027e-01
-1.39587402e-01
-1.47369385e-01
-1.53656006e-01
-1.64093018e-01
-1.74865723e-01
-1.78497314e-01
-1.76605225e-01
-1.80999756e-01
-1.90490723e-01
-2.02056885e-01
-2.20703125e-01
-2.31750488e-01
-2.41302490e-01
-2.46490479e-01
-2.45483398e-01
-2.49389648e-01
-2.54974365e-01
-2.62542725e-01
-2.72705078e-01
-2.78686523e-01
-2.81799316e-01
-2.90130615e-01
-2.98065186e-01
-2.99865723e-01
-3.05175781e-01
-3.12957764e-01
-3.15002441e-01
-3.19671631e-01
-3.31207275e-01
-3.38256836e-01
-3.37615967e-01
-3.43048096e-01
-3.52691650e-01
-3.61083984e-01
-3.67980957e-01
-3.67767334e-01
-3.67187500e-01
-3.71032715e-01
-3.70910645e-01
-3.71612549e-01
-3.79394531e-01
-3.88854980e-01
-3.92547607e-01
-3.91693115e-01
-3.96148682e-01
-4.01245117e-01
-4.06890869e-01
-4.13726807e-01
-4.17175293e-01
-4.17053223e-01
-4.19738770e-01
-4.26055908e-01
-4.29077148e-01
-4.27856445e-01
-4.27978516e-01
-4.32159424e-01
-4.36065674e-01
-4.43389893e-01
-4.49157715e-01
-4.50103760e-01
-4.49005127e-01
-4.49676514e-01
-4.50653076e-01
-4.50592041e-01
-4.50195312e-01
-4.49035645e-01
-4.48883057e-01
-4.48577881e-01
-4.47082520e-01
-4.47296143e-01
-4.43145752e-01
-4.34082031e-01
-4.29870605e-01
-4.25231934e-01
-4.22302246e-01
-4.19342041e-01
-4.15008545e-01
-4.11529541e-01
-4.09271240e-01
-4.05792236e-01
-4.01123047e-01
-3.99688721e-01
-3.98773193e-01
-3.95721436e-01
-3.95141602e-01
-3.96484375e-01
-3.94714355e-01
-3.93005371e-01
-3.93188477e-01
-3.92303467e-01
-3.91632080e-01
-3.92089844e-01
-3.88336182e-01
-3.83666992e-01
-3.80920410e-01
-3.78234863e-01
-3.77105713e-01
-3.74786377e-01
-3.70452881e-01
-3.68072510e-01
-3.66729736e-01
-3.68469238e-01
-3.71490479e-01
-3.70513916e-01
-3.66363525e-01
-3.61816406e-01
-3.55346680e-01
-3.50189209e-01
-3.49517822e-01
-3.46343994e-01
-3.39111328e-01
-3.35052490e-01
-3.30566406e-01
-3.20648193e-01
-3.11004639e-01
-3.03771973e-01
-2.99560547e-01
-2.94158936e-01
-2.89428711e-01
-2.88055420e-01
-2.85308838e-01
-2.80761719e-01
-2.73620605e-01
-2.67456055e-01
-2.63366699e-01
-2.54608154e-01
-2.47619629e-01
-2.43438721e-01
-2.38189697e-01
-2.35717773e-01
-2.31567383e-01
-2.24304199e-01
-2.17285156e-01
-2.09625244e-01
-1.99188232e-01
-1.89666748e-01
-1.85424805e-01
-1.81304932e-01
-1.77612305e-01
-1.71936035e-01
-1.64428711e-01
-1.60156250e-01
-1.56982422e-01
-1.55975342e-01
-1.51214600e-01
-1.47796631e-01
-1.46545410e-01
-1.45355225e-01
-1.43188477e-01
-1.35742188e-01
-1.28326416e-01
-1.21307373e-01
-1.15692139e-01
-1.12640381e-01
-1.09252930e-01
-1.03759766e-01
-1.00189209e-01
-9.82360840e-02
-9.51232910e-02
-9.41162109e-02
-9.44824219e-02
-9.06677246e-02
-8.48083496e-02
-8.25805664e-02
-8.51745605e-02
-8.77075195e-02
-8.80432129e-02
-8.45336914e-02
-8.36486816e-02
-8.68835449e-02
-8.82873535e-02
-8.77380371e-02
-8.72497559e-02
-8.96606445e-02
-9.18579102e-02
-9.64050293e-02
-1.01959229e-01
-1.04309082e-01
-1.03027344e-01
-1.03210449e-01
-1.02111816e-01
-1.02416992e-01
-1.05682373e-01
-1.06781006e-01
-1.10382080e-01
-1.14501953e-01
-1.13983154e-01
-1.10412598e-01
-1.06292725e-01
-1.00921631e-01
-9.80529785e-02
-9.96093750e-02
-1.00677490e-01
-9.72290039e-02
-9.23767090e-02
-8.70361328e-02
-8.43811035e-02
-8.16345215e-02
-7.72094727e-02
-7.59582520e-02
-7.57141113e-02
-7.39440918e-02
-7.18688965e-02
-6.86950684e-02
-6.35681152e-02
-6.13098145e-02
-6.22253418e-02
-6.35070801e-02
-6.68029785e-02
-7.14111328e-02
-7.26623535e-02
-7.09838867e-02
-6.91833496e-02
-6.69860840e-02
-6.39343262e-02
-6.42700195e-02
-6.46057129e-02
-6.46667480e-02
-6.27441406e-02
-5.54809570e-02
-4.93469238e-02
-4.82482910e-02
-4.78210449e-02
-4.49829102e-02
-4.25720215e-02
-4.09545898e-02
-3.89404297e-02
-3.65600586e-02
-3.53698730e-02
-3.31726074e-02
-3.00292969e-02
-2.77404785e-02
-2.56042480e-02
-2.72827148e-02
-2.88085938e-02
-2.74658203e-02
-2.84423828e-02
-2.78930664e-02
-2.47802734e-02
-2.26745605e-02
-1.91345215e-02
-1.58996582e-02
-1.44042969e-02
-1.09558105e-02
-8.63647461e-03
-8.20922852e-03
-5.43212891e-03
-1.80053711e-03
1.09863281e-03
4.63867188e-03
7.11059570e-03
1.09252930e-02
1.49841309e-02
1.86767578e-02
2.08129883e-02
2.26440430e-02
2.80456543e-02
3.16162109e-02
3.44543457e-02
4.15649414e-02
4.58068848e-02
4.52880859e-02
5.03540039e-02
5.74645996e-02
6.21643066e-02
6.74133301e-02
7.07092285e-02
7.25708008e-02
7.74230957e-02
7.98950195e-02
8.00170898e-02
8.37707520e-02
9.17968750e-02
9.77783203e-02
9.87854004e-02
1.00402832e-01
1.01562500e-01
1.03393555e-01
1.06475830e-01
1.08642578e-01
1.10778809e-01
1.13281250e-01
1.14929199e-01
1.16302490e-01
1.17156982e-01
1.15631104e-01
1.14410400e-01
1.16577148e-01
1.19415283e-01
1.20513916e-01
1.21429443e-01
1.22863770e-01
1.25000000e-01
1.26770020e-01
1.28204346e-01
1.29730225e-01
1.32934570e-01
1.35528564e-01
1.33605957e-01
1.32324219e-01
1.32110596e-01
1.30950928e-01
1.31683350e-01
1.33270264e-01
1.34887695e-01
1.32965088e-01
1.32873535e-01
1.38427734e-01
1.40777588e-01
1.40960693e-01
1.41662598e-01
1.40960693e-01
1.37817383e-01
1.36230469e-01
1.36444092e-01
1.35498047e-01
1.35772705e-01
1.37145996e-01
1.38641357e-01
1.40991211e-01
1.43707275e-01
1.45355225e-01
1.44744873e-01
1.43005371e-01
1.41632080e-01
1.40594482e-01
1.40441895e-01
1.39404297e-01
1.38732910e-01
1.38458252e-01
1.36932373e-01
1.35437012e-01
1.34338379e-01
1.32659912e-01
1.32629395e-01
1.32751465e-01
1.31500244e-01
1.30981445e-01
1.29913330e-01
1.30371094e-01
1.30828857e-01
1.30493164e-01
1.28723145e-01
1.25885010e-01
1.23382568e-01
1.23107910e-01
1.24114990e-01
1.21551514e-01
1.20788574e-01
1.19506836e-01
1.15936279e-01
1.15142822e-01
1.14166260e-01
1.09741211e-01
1.07543945e-01
1.05377197e-01
1.02264404e-01
1.02661133e-01
9.87854004e-02
9.45739746e-02
9.53979492e-02
9.56420898e-02
9.39025879e-02
9.20715332e-02
9.19494629e-02
9.15832520e-02
9.22851562e-02
9.45739746e-02
9.57946777e-02
9.84191895e-02
1.00616455e-01
9.96093750e-02
9.98535156e-02
1.02661133e-01
1.03515625e-01
1.04522705e-01
1.05957031e-01
1.05834961e-01
1.07208252e-01
1.07543945e-01
1.06475830e-01
1.06964111e-01
1.05773926e-01
1.05468750e-01
1.09008789e-01
1.11877441e-01
1.12640381e-01
1.15844727e-01
1.18621826e-01
1.19201660e-01
1.20239258e-01
1.20452881e-01
1.22894287e-01
1.26434326e-01
1.28448486e-01
1.28814697e-01
1.30706787e-01
1.31286621e-01
1.32873535e-01
1.34704590e-01
1.33819580e-01
1.35192871e-01
1.37237549e-01
1.38946533e-01
1.40441895e-01
1.40869141e-01
1.42395020e-01
1.47094727e-01
1.49444580e-01
1.48864746e-01
1.46362305e-01
1.43218994e-01
1.42425537e-01
1.41082764e-01
1.39953613e-01
1.39495850e-01
1.40075684e-01
1.43310547e-01
1.46911621e-01
1.48864746e-01
1.50970459e-01
1.51397705e-01
1.51641846e-01
1.55517578e-01
1.58203125e-01
1.60461426e-01
1.62139893e-01
1.63421631e-01
1.65985107e-01
1.68487549e-01
1.70288086e-01
1.69769287e-01
1.67877197e-01
1.68548584e-01
1.69616699e-01
1.68914795e-01
1.68945312e-01
1.69921875e-01
1.67968750e-01
1.66412354e-01
1.65832520e-01
1.62780762e-01
1.62506104e-01
1.63635254e-01
1.63024902e-01
1.61804199e-01
1.61224365e-01
1.57257080e-01
1.55212402e-01
1.55120850e-01
1.52343750e-01
1.49749756e-01
1.49322510e-01
1.47460938e-01
1.43707275e-01
1.42517090e-01
1.41326904e-01
1.40930176e-01
1.40594482e-01
1.38397217e-01
1.35345459e-01
1.34124756e-01
1.32995605e-01
1.31347656e-01
1.27197266e-01
1.22558594e-01
1.20910645e-01
1.18469238e-01
1.15997314e-01
1.13708496e-01
1.10229492e-01
1.07025146e-01
1.05529785e-01
1.05377197e-01
1.04888916e-01
1.02447510e-01
9.82055664e-02
9.53674316e-02
9.50317383e-02
9.39636230e-02
9.08508301e-02
8.87451172e-02
8.87145996e-02
8.70056152e-02
8.54187012e-02
8.56628418e-02
8.52661133e-02
8.38928223e-02
8.22753906e-02
8.02612305e-02
7.90710449e-02
7.94982910e-02
7.86437988e-02
7.65686035e-02
7.60498047e-02
7.58972168e-02
7.15637207e-02
6.50634766e-02
6.17675781e-02
6.15539551e-02
6.11877441e-02
6.02416992e-02
6.02722168e-02
6.08520508e-02
6.11267090e-02
6.11877441e-02
5.91735840e-02
5.92651367e-02
6.21948242e-02
6.32324219e-02
6.54296875e-02
6.63452148e-02
6.79626465e-02
7.17773438e-02
7.36999512e-02
7.56225586e-02
7.74841309e-02
8.05358887e-02
8.27026367e-02
8.30993652e-02
8.55407715e-02
9.07287598e-02
9.32006836e-02
9.34753418e-02
9.75036621e-02
1.01501465e-01
1.04003906e-01
1.05834961e-01
1.06903076e-01
1.08154297e-01
1.11816406e-01
1.13128662e-01
1.11175537e-01
1.10687256e-01
1.10595703e-01
1.12548828e-01
1.15997314e-01
1.18072510e-01
1.18103027e-01
1.19995117e-01
1.23687744e-01
1.25396729e-01
1.25549316e-01
1.27929688e-01
1.29119873e-01
1.29302979e-01
1.33972168e-01
1.37054443e-01
1.37847900e-01
1.37145996e-01
1.34582520e-01
1.35650635e-01
1.38977051e-01
1.40350342e-01
1.41845703e-01
1.44165039e-01
1.44989014e-01
1.46972656e-01
1.47460938e-01
1.44500732e-01
1.43249512e-01
1.42852783e-01
1.38977051e-01
1.35894775e-01
1.33972168e-01
1.31134033e-01
1.30737305e-01
1.29791260e-01
1.27685547e-01
1.25122070e-01
1.25366211e-01
1.26617432e-01
1.25885010e-01
1.25305176e-01
1.24359131e-01
1.22253418e-01
1.20819092e-01
1.19781494e-01
1.18713379e-01
1.18835449e-01
1.19873047e-01
1.20544434e-01
1.19384766e-01
1.18133545e-01
1.17156982e-01
1.17340088e-01
1.16058350e-01
1.11267090e-01
1.05712891e-01
1.04827881e-01
1.08673096e-01
1.11114502e-01
1.09313965e-01
1.06079102e-01
1.07238770e-01
1.12457275e-01
1.13433838e-01
1.10412598e-01
1.04583740e-01
1.00006104e-01
1.03820801e-01
1.08856201e-01
1.10137939e-01
1.07696533e-01
1.02050781e-01
9.79614258e-02
9.91210938e-02
1.01165771e-01
1.00280762e-01
9.73510742e-02
9.32922363e-02
9.07897949e-02
9.05456543e-02
8.98742676e-02
8.73107910e-02
8.49304199e-02
8.19396973e-02
7.89489746e-02
7.69653320e-02
7.40051270e-02
7.00988770e-02
6.50634766e-02
6.08215332e-02
5.99365234e-02
6.04553223e-02
5.94177246e-02
5.80749512e-02
5.76782227e-02
5.96313477e-02
6.18286133e-02
6.22863770e-02
6.14318848e-02
5.63659668e-02
5.14221191e-02
5.09033203e-02
5.39550781e-02
5.64880371e-02
5.42602539e-02
5.16967773e-02
5.20629883e-02
5.40466309e-02
5.71899414e-02
5.88989258e-02
5.68237305e-02
5.30090332e-02
5.09033203e-02
5.07812500e-02
4.89196777e-02
4.62646484e-02
4.30908203e-02
3.85437012e-02
3.55224609e-02
3.21044922e-02
2.79846191e-02
2.65502930e-02
2.66113281e-02
2.57263184e-02
2.39868164e-02
2.32543945e-02
2.21557617e-02
1.92565918e-02
1.86462402e-02
1.84936523e-02
1.56555176e-02
1.35498047e-02
1.34582520e-02
1.04675293e-02
4.60815430e-03
-1.31225586e-03
-4.66918945e-03
-4.48608398e-03
-4.97436523e-03
-9.39941406e-03
-1.58081055e-02
-2.26440430e-02
-2.81982422e-02
-3.03039551e-02
-3.26843262e-02
-3.80859375e-02
-4.41589355e-02
-4.89196777e-02
-5.49011230e-02
-6.19506836e-02
-7.23571777e-02
-8.37402344e-02
-9.24377441e-02
-9.96093750e-02
-1.06323242e-01
-1.13464355e-01
-1.21978760e-01
-1.30706787e-01
-1.36413574e-01
-1.42700195e-01
-1.49902344e-01
-1.54663086e-01
-1.57165527e-01
-1.61499023e-01
-1.67633057e-01
-1.73492432e-01
-1.77032471e-01
-1.77673340e-01
-1.81060791e-01
-1.88018799e-01
-1.93603516e-01
-1.97570801e-01
-2.02087402e-01
-2.07427979e-01
-2.13165283e-01
-2.20123291e-01
-2.27081299e-01
-2.32238770e-01
-2.37274170e-01
-2.45361328e-01
-2.55645752e-01
-2.66265869e-01
-2.76458740e-01
-2.84027100e-01
-2.91015625e-01
-2.99316406e-01
-3.06488037e-01
-3.12713623e-01
-3.19519043e-01
-3.25378418e-01
-3.31970215e-01
-3.38714600e-01
-3.44573975e-01
-3.50402832e-01
-3.56262207e-01
-3.62579346e-01
-3.67584229e-01
-3.70605469e-01
-3.74114990e-01
-3.80035400e-01
-3.87359619e-01
-3.94134521e-01
-3.98498535e-01
-4.00848389e-01
-4.04632568e-01
-4.09881592e-01
-4.17022705e-01
-4.24163818e-01
-4.26177979e-01
-4.28375244e-01
-4.32525635e-01
-4.36157227e-01
-4.41528320e-01
-4.48791504e-01
-4.56115723e-01
-4.65332031e-01
-4.74212646e-01
-4.78546143e-01
-4.83032227e-01
-4.90234375e-01
-4.98596191e-01
-5.06896973e-01
-5.13244629e-01
-5.18615723e-01
-5.24505615e-01
-5.31005859e-01
-5.37414551e-01
-5.43334961e-01
-5.49407959e-01
-5.53985596e-01
-5.56488037e-01
-5.58624268e-01
-5.61645508e-01
-5.64880371e-01
-5.67352295e-01
-5.69396973e-01
-5.72265625e-01
-5.75317383e-01
-5.77331543e-01
-5.78643799e-01
-5.80688477e-01
-5.83770752e-01
-5.85571289e-01
-5.85662842e-01
-5.84777832e-01
-5.82885742e-01
-5.80993652e-01
-5.80474854e-01
-5.80810547e-01
-5.79162598e-01
-5.76629639e-01
-5.74584961e-01
-5.70861816e-01
-5.66772461e-01
-5.63262939e-01
-5.60333252e-01
-5.57830811e-01
-5.53710938e-01
-5.48645020e-01
-5.44738770e-01
-5.40405273e-01
-5.36163330e-01
-5.33020020e-01
-5.28411865e-01
-5.24047852e-01
-5.20690918e-01
-5.15594482e-01
-5.09307861e-01
-5.03082275e-01
-4.97650146e-01
-4.93408203e-01
-4.87915039e-01
-4.81781006e-01
-4.75555420e-01
-4.67559814e-01
-4.60723877e-01
-4.56024170e-01
-4.50836182e-01
-4.44122314e-01
-4.34906006e-01
-4.23950195e-01
-4.14978027e-01
-4.07592773e-01
-3.98956299e-01
-3.89282227e-01
-3.79608154e-01
-3.71917725e-01
-3.64807129e-01
-3.56353760e-01
-3.47198486e-01
-3.37524414e-01
-3.27453613e-01
-3.19183350e-01
-3.12530518e-01
-3.03558350e-01
-2.94677734e-01
-2.85247803e-01
-2.75207520e-01
-2.67425537e-01
-2.59155273e-01
-2.49786377e-01
-2.40753174e-01
-2.30621338e-01
-2.19726562e-01
-2.09625244e-01
-2.00592041e-01
-1.92199707e-01
-1.82556152e-01
-1.73522949e-01
-1.64459229e-01
-1.54205322e-01
-1.44256592e-01
-1.34124756e-01
-1.21978760e-01
-1.11724854e-01
-1.02844238e-01
-9.24987793e-02
-8.20922852e-02
-7.08007812e-02
-5.91735840e-02
-4.85229492e-02
-4.03747559e-02
-3.21044922e-02
-2.15759277e-02
-1.05895996e-02
-1.67846680e-03
6.13403320e-03
1.40380859e-02
2.30407715e-02
3.28674316e-02
4.19921875e-02
5.20019531e-02
6.21337891e-02
7.10449219e-02
8.03833008e-02
8.94165039e-02
9.79919434e-02
1.07177734e-01
1.16699219e-01
1.26464844e-01
1.36413574e-01
1.46026611e-01
1.56280518e-01
1.65832520e-01
1.72637939e-01
1.78222656e-01
1.84234619e-01
1.91314697e-01
1.97662354e-01
2.04040527e-01
2.10327148e-01
2.17559814e-01
2.25494385e-01
2.32116699e-01
2.37670898e-01
2.43041992e-01
2.48260498e-01
2.52502441e-01
2.56286621e-01
2.61505127e-01
2.67303467e-01
2.71362305e-01
2.75848389e-01
2.79998779e-01
2.83782959e-01
2.89337158e-01
2.95654297e-01
3.01300049e-01
3.06243896e-01
3.10089111e-01
3.13293457e-01
3.17047119e-01
3.21685791e-01
3.26141357e-01
3.29376221e-01
3.32946777e-01
3.36608887e-01
3.39172363e-01
3.42529297e-01
3.47198486e-01
3.53454590e-01
3.59558105e-01
3.65142822e-01
3.70635986e-01
3.74420166e-01
3.78997803e-01
3.83422852e-01
3.87084961e-01
3.91113281e-01
3.94287109e-01
3.97338867e-01
4.00756836e-01
4.02038574e-01
4.02557373e-01
4.03991699e-01
4.06158447e-01
4.10217285e-01
4.14123535e-01
4.17755127e-01
4.20593262e-01
4.22607422e-01
4.25659180e-01
4.28375244e-01
4.31243896e-01
4.34448242e-01
4.37805176e-01
4.41070557e-01
4.44244385e-01
4.47204590e-01
4.50469971e-01
4.53277588e-01
4.54711914e-01
4.57122803e-01
4.60021973e-01
4.62768555e-01
4.65454102e-01
4.68048096e-01
4.71038818e-01
4.74029541e-01
4.75860596e-01
4.77111816e-01
4.79003906e-01
4.80224609e-01
4.80590820e-01
4.81964111e-01
4.82238770e-01
4.80712891e-01
4.79003906e-01
4.76623535e-01
4.74487305e-01
4.72320557e-01
4.69970703e-01
4.68231201e-01
4.66125488e-01
4.64477539e-01
4.62890625e-01
4.59777832e-01
4.57550049e-01
4.56207275e-01
4.53338623e-01
4.49096680e-01
4.43634033e-01
4.37286377e-01
4.30511475e-01
4.24926758e-01
4.19799805e-01
4.14764404e-01
4.10858154e-01
4.05548096e-01
4.00695801e-01
3.96575928e-01
3.91571045e-01
3.86322021e-01
3.80340576e-01
3.73504639e-01
3.66668701e-01
3.61175537e-01
3.54919434e-01
3.47381592e-01
3.39660645e-01
3.31756592e-01
3.23547363e-01
3.15063477e-01
3.07098389e-01
3.00170898e-01
2.93518066e-01
2.87109375e-01
2.81402588e-01
2.76519775e-01
2.71575928e-01
2.65899658e-01
2.59704590e-01
2.52441406e-01
2.46520996e-01
2.39501953e-01
2.31933594e-01
2.25769043e-01
2.19299316e-01
2.13806152e-01
2.09564209e-01
2.05474854e-01
1.99920654e-01
1.93878174e-01
1.88354492e-01
1.83105469e-01
1.78283691e-01
1.73034668e-01
1.66900635e-01
1.59698486e-01
1.52832031e-01
1.47888184e-01
1.42028809e-01
1.35742188e-01
1.29974365e-01
1.24084473e-01
1.19049072e-01
1.14898682e-01
1.10443115e-01
1.06231689e-01
1.02325439e-01
9.79003906e-02
9.33227539e-02
8.87145996e-02
8.41064453e-02
7.94067383e-02
7.47070312e-02
7.05261230e-02
6.77490234e-02
6.52770996e-02
6.33544922e-02
6.23168945e-02
6.07910156e-02
5.85327148e-02
5.58776855e-02
5.27648926e-02
5.00488281e-02
4.77294922e-02
4.51354980e-02
4.24804688e-02
3.99475098e-02
3.71704102e-02
3.47595215e-02
3.21350098e-02
2.79235840e-02
2.30102539e-02
1.78833008e-02
1.22375488e-02
7.08007812e-03
3.29589844e-03
2.44140625e-04
-3.23486328e-03
-7.96508789e-03
-1.27868652e-02
-1.64184570e-02
-1.89819336e-02
-2.16369629e-02
-2.41699219e-02
-2.54516602e-02
-2.78625488e-02
-3.11889648e-02
-3.37219238e-02
-3.72619629e-02
-4.15039062e-02
-4.54101562e-02
-4.98046875e-02
-5.39550781e-02
-5.72509766e-02
-6.04248047e-02
-6.35070801e-02
-6.70776367e-02
-7.05871582e-02
-7.29980469e-02
-7.56225586e-02
-8.02612305e-02
-8.58459473e-02
-9.05456543e-02
-9.53063965e-02
-1.00341797e-01
-1.04400635e-01
-1.08489990e-01
-1.12945557e-01
-1.17156982e-01
-1.21063232e-01
-1.24267578e-01
-1.27014160e-01
-1.29852295e-01
-1.33331299e-01
-1.37908936e-01
-1.42730713e-01
-1.46148682e-01
-1.49200439e-01
-1.52496338e-01
-1.56097412e-01
-1.60095215e-01
-1.64184570e-01
-1.68945312e-01
-1.73583984e-01
-1.78344727e-01
-1.82678223e-01
-1.87316895e-01
-1.92749023e-01
-1.97692871e-01
-2.02453613e-01
-2.07061768e-01
-2.12371826e-01
-2.17468262e-01
-2.21099854e-01
-2.23968506e-01
-2.28576660e-01
-2.34527588e-01
-2.39562988e-01
-2.44018555e-01
-2.48565674e-01
-2.52777100e-01
-2.57293701e-01
-2.62268066e-01
-2.67669678e-01
-2.73101807e-01
-2.77557373e-01
-2.82470703e-01
-2.88024902e-01
-2.93243408e-01
-2.97912598e-01
-3.02917480e-01
-3.08013916e-01
-3.11859131e-01
-3.16070557e-01
-3.20678711e-01
-3.23883057e-01
-3.27270508e-01
-3.31237793e-01
-3.33862305e-01
-3.35510254e-01
-3.37738037e-01
-3.40118408e-01
-3.41857910e-01
-3.42895508e-01
-3.44024658e-01
-3.45886230e-01
-3.46862793e-01
-3.47045898e-01
-3.47045898e-01
-3.46557617e-01
-3.45581055e-01
-3.44299316e-01
-3.43109131e-01
-3.41644287e-01
-3.41003418e-01
-3.40881348e-01
-3.40606689e-01
-3.39904785e-01
-3.38287354e-01
-3.36700439e-01
-3.34930420e-01
-3.33068848e-01
-3.30780029e-01
-3.28796387e-01
-3.27270508e-01
-3.24584961e-01
-3.21563721e-01
-3.18542480e-01
-3.14849854e-01
-3.10760498e-01
-3.06915283e-01
-3.03314209e-01
-2.99072266e-01
-2.95013428e-01
-2.91870117e-01
-2.88635254e-01
-2.85980225e-01
-2.84271240e-01
-2.82775879e-01
-2.81341553e-01
-2.79357910e-01
-2.76062012e-01
-2.71575928e-01
-2.67639160e-01
-2.65136719e-01
-2.62481689e-01
-2.59704590e-01
-2.56896973e-01
-2.54302979e-01
-2.51678467e-01
-2.48352051e-01
-2.44842529e-01
-2.41363525e-01
-2.37457275e-01
-2.32940674e-01
-2.29217529e-01
-2.25891113e-01
-2.22503662e-01
-2.19757080e-01
-2.15850830e-01
-2.12127686e-01
-2.08465576e-01
-2.03521729e-01
-1.99279785e-01
-1.94702148e-01
-1.90246582e-01
-1.86889648e-01
-1.83227539e-01
-1.79351807e-01
-1.75476074e-01
-1.71722412e-01
-1.67694092e-01
-1.64093018e-01
-1.60186768e-01
-1.55303955e-01
-1.50421143e-01
-1.45599365e-01
-1.40472412e-01
-1.35955811e-01
-1.32293701e-01
-1.27746582e-01
-1.23687744e-01
-1.20117188e-01
-1.15936279e-01
-1.11602783e-01
-1.08032227e-01
-1.04095459e-01
-9.97009277e-02
-9.55505371e-02
-9.05151367e-02
-8.50219727e-02
-8.00781250e-02
-7.57446289e-02
-7.21130371e-02
-6.86950684e-02
-6.42700195e-02
-5.95092773e-02
-5.42602539e-02
-4.90417480e-02
-4.44335938e-02
-4.04663086e-02
-3.66210938e-02
-3.25317383e-02
-2.81066895e-02
-2.31628418e-02
-1.84020996e-02
-1.41601562e-02
-1.06811523e-02
-8.05664062e-03
-6.13403320e-03
-3.60107422e-03
-3.05175781e-04
2.89916992e-03
5.58471680e-03
7.72094727e-03
1.04064941e-02
1.36413574e-02
1.69982910e-02
2.15759277e-02
2.56347656e-02
2.79541016e-02
3.05175781e-02
3.32336426e-02
3.55224609e-02
3.77807617e-02
4.01306152e-02
4.26330566e-02
4.58068848e-02
4.80346680e-02
4.93774414e-02
5.12390137e-02
5.25817871e-02
5.34973145e-02
5.39855957e-02
5.39550781e-02
5.39550781e-02
5.42907715e-02
5.51147461e-02
5.58471680e-02
5.65185547e-02
5.71594238e-02
5.80444336e-02
5.83190918e-02
5.84106445e-02
5.92651367e-02
5.99365234e-02
6.10961914e-02
6.22558594e-02
6.26831055e-02
6.33544922e-02
6.48498535e-02
6.64367676e-02
6.71386719e-02
6.75048828e-02
6.81762695e-02
6.99768066e-02
7.22351074e-02
7.39440918e-02
7.51342773e-02
7.62634277e-02
7.76672363e-02
7.92846680e-02
8.13293457e-02
8.25500488e-02
8.36791992e-02
8.47473145e-02
8.57238770e-02
8.71276855e-02
8.86840820e-02
9.00878906e-02
9.15832520e-02
9.42687988e-02
9.65881348e-02
9.88464355e-02
1.00830078e-01
1.02722168e-01
1.04858398e-01
1.07391357e-01
1.10229492e-01
1.12304688e-01
1.14013672e-01
1.15417480e-01
1.17279053e-01
1.19476318e-01
1.21398926e-01
1.23352051e-01
1.25396729e-01
1.27410889e-01
1.30187988e-01
1.32995605e-01
1.35162354e-01
1.37023926e-01
1.38214111e-01
1.39373779e-01
1.41326904e-01
1.43707275e-01
1.45385742e-01
1.46667480e-01
1.47827148e-01
1.48132324e-01
1.48773193e-01
1.50238037e-01
1.50939941e-01
1.51885986e-01
1.54113770e-01
1.56188965e-01
1.58142090e-01
1.60125732e-01
1.60736084e-01
1.61285400e-01
1.62292480e-01
1.62689209e-01
1.63665771e-01
1.64978027e-01
1.65557861e-01
1.66473389e-01
1.67449951e-01
1.67602539e-01
1.67480469e-01
1.67297363e-01
1.67297363e-01
1.66778564e-01
1.65588379e-01
1.65191650e-01
1.65313721e-01
1.65374756e-01
1.65313721e-01
1.64764404e-01
1.64215088e-01
1.64825439e-01
1.65100098e-01
1.64459229e-01
1.63360596e-01
1.62292480e-01
1.61499023e-01
1.60583496e-01
1.60339355e-01
1.59606934e-01
1.58966064e-01
1.58721924e-01
1.58325195e-01
1.57867432e-01
1.57135010e-01
1.55639648e-01
1.53381348e-01
1.51092529e-01
1.48681641e-01
1.46514893e-01
1.44226074e-01
1.40960693e-01
1.37268066e-01
1.33056641e-01
1.29028320e-01
1.25579834e-01
1.21856689e-01
1.17919922e-01
1.14349365e-01
1.10687256e-01
1.06781006e-01
1.03424072e-01
1.00250244e-01
9.73510742e-02
9.52148438e-02
9.36279297e-02
9.19189453e-02
8.97521973e-02
8.79211426e-02
8.65478516e-02
8.51135254e-02
8.43200684e-02
8.30993652e-02
8.10241699e-02
8.01391602e-02
7.93151855e-02
7.82165527e-02
7.75756836e-02
7.65075684e-02
7.48901367e-02
7.27233887e-02
7.04040527e-02
6.73217773e-02
6.34460449e-02
5.95092773e-02
5.47180176e-02
4.93774414e-02
4.54711914e-02
4.20227051e-02
3.83605957e-02
3.47900391e-02
3.12194824e-02
2.77404785e-02
2.43530273e-02
2.08129883e-02
1.63269043e-02
1.23291016e-02
9.36889648e-03
7.04956055e-03
4.21142578e-03
7.32421875e-04
-2.99072266e-03
-6.28662109e-03
-8.78906250e-03
-1.06201172e-02
-1.22375488e-02
-1.47399902e-02
-1.74255371e-02
-1.97448730e-02
-2.17285156e-02
-2.33459473e-02
-2.46887207e-02
-2.60925293e-02
-2.75268555e-02
-2.90222168e-02
-3.08227539e-02
-3.22570801e-02
-3.27453613e-02
-3.39355469e-02
-3.58276367e-02
-3.69262695e-02
-3.75976562e-02
-3.84521484e-02
-3.96728516e-02
-4.15344238e-02
-4.32434082e-02
-4.47387695e-02
-4.64172363e-02
-4.81262207e-02
-5.02014160e-02
-5.23376465e-02
-5.44738770e-02
-5.59692383e-02
-5.70678711e-02
-5.82275391e-02
-5.89599609e-02
-5.96008301e-02
-6.01806641e-02
-6.03942871e-02
-5.99365234e-02
-6.01806641e-02
-6.03637695e-02
-5.94787598e-02
-5.91430664e-02
-5.98449707e-02
-6.10046387e-02
-6.24694824e-02
-6.44226074e-02
-6.60400391e-02
-6.77490234e-02
-6.93664551e-02
-7.07092285e-02
-7.18383789e-02
-7.31506348e-02
-7.37304688e-02
-7.40661621e-02
-7.40661621e-02
-7.41577148e-02
-7.52868652e-02
-7.71484375e-02
-7.90100098e-02
-8.00170898e-02
-8.10546875e-02
-8.22753906e-02
-8.38928223e-02
-8.53881836e-02
-8.61206055e-02
-8.67919922e-02
-8.73107910e-02
-8.77075195e-02
-8.82568359e-02
-8.86230469e-02
-8.87145996e-02
-8.91113281e-02
-9.00878906e-02
-9.10339355e-02
-9.15527344e-02
-9.15527344e-02
-9.16748047e-02
-9.11560059e-02
-9.01794434e-02
-8.99658203e-02
-9.00573730e-02
-9.03015137e-02
-9.01794434e-02
-9.02709961e-02
-9.14916992e-02
-9.34143066e-02
-9.55505371e-02
-9.72595215e-02
-9.91516113e-02
-1.01104736e-01
-1.02142334e-01
-1.03576660e-01
-1.04705811e-01
-1.05682373e-01
-1.06445312e-01
-1.06567383e-01
-1.06628418e-01
-1.07421875e-01
-1.08245850e-01
-1.08367920e-01
-1.09130859e-01
-1.10107422e-01
-1.11236572e-01
-1.12670898e-01
-1.14349365e-01
-1.15722656e-01
-1.16943359e-01
-1.18438721e-01
-1.19812012e-01
-1.20452881e-01
-1.20758057e-01
-1.21398926e-01
-1.21520996e-01
-1.21002197e-01
-1.20727539e-01
-1.20758057e-01
-1.20574951e-01
-1.20910645e-01
-1.21429443e-01
-1.21520996e-01
-1.21917725e-01
-1.22222900e-01
-1.21795654e-01
-1.21551514e-01
-1.21490479e-01
-1.21124268e-01
-1.20758057e-01
-1.20971680e-01
-1.21398926e-01
-1.21551514e-01
-1.21429443e-01
-1.21124268e-01
-1.20666504e-01
-1.20880127e-01
-1.21307373e-01
-1.22253418e-01
-1.23901367e-01
-1.25030518e-01
-1.25823975e-01
-1.26190186e-01
-1.27288818e-01
-1.28601074e-01
-1.29119873e-01
-1.29333496e-01
-1.29638672e-01
-1.29699707e-01
-1.29333496e-01
-1.28997803e-01
-1.28784180e-01
-1.28112793e-01
-1.27441406e-01
-1.26800537e-01
-1.25579834e-01
-1.24389648e-01
-1.23321533e-01
-1.22283936e-01
-1.21490479e-01
-1.21307373e-01
-1.20910645e-01
-1.19903564e-01
-1.18652344e-01
-1.17950439e-01
-1.17462158e-01
-1.16912842e-01
-1.16363525e-01
-1.14776611e-01
-1.13189697e-01
-1.11694336e-01
-1.09832764e-01
-1.08764648e-01
-1.08398438e-01
-1.07421875e-01
-1.06536865e-01
-1.06018066e-01
-1.04492188e-01
-1.02722168e-01
-1.01074219e-01
-9.86328125e-02
-9.63439941e-02
-9.47875977e-02
-9.29565430e-02
-9.14916992e-02
-9.01794434e-02
-8.83789062e-02
-8.72497559e-02
-8.65478516e-02
-8.56018066e-02
-8.45031738e-02
-8.38012695e-02
-8.32214355e-02
-8.25805664e-02
-8.11157227e-02
-7.92541504e-02
-7.79418945e-02
-7.58666992e-02
-7.34863281e-02
-7.23266602e-02
-7.10449219e-02
-6.92138672e-02
-6.75964355e-02
-6.57043457e-02
-6.40869141e-02
-6.24389648e-02
-6.03332520e-02
-5.83496094e-02
-5.67932129e-02
-5.49926758e-02
-5.28259277e-02
-5.05371094e-02
-4.80651855e-02
-4.58068848e-02
-4.33349609e-02
-4.10156250e-02
-3.90930176e-02
-3.66210938e-02
-3.40576172e-02
-3.12805176e-02
-2.85339355e-02
-2.65808105e-02
-2.42919922e-02
-2.16369629e-02
-1.91955566e-02
-1.63879395e-02
-1.42517090e-02
-1.25732422e-02
-1.08337402e-02
-8.81958008e-03
-6.65283203e-03
-4.51660156e-03
-2.38037109e-03
3.35693359e-04
3.14331055e-03
5.21850586e-03
7.78198242e-03
1.05285645e-02
1.30310059e-02
1.50451660e-02
1.70898438e-02
1.94091797e-02
2.23999023e-02
2.53906250e-02
2.74047852e-02
2.90527344e-02
3.07312012e-02
3.22570801e-02
3.38134766e-02
3.58276367e-02
3.77807617e-02
3.99780273e-02
4.23583984e-02
4.41894531e-02
4.56848145e-02
4.75463867e-02
4.90112305e-02
5.03540039e-02
5.22155762e-02
5.43823242e-02
5.65185547e-02
5.86853027e-02
6.07604980e-02
6.30493164e-02
6.51550293e-02
6.71691895e-02
6.99462891e-02
7.27539062e-02
7.51647949e-02
7.71484375e-02
7.91625977e-02
8.11157227e-02
8.34350586e-02
8.60290527e-02
8.81347656e-02
8.94470215e-02
9.10949707e-02
9.30786133e-02
9.52148438e-02
9.75646973e-02
9.97314453e-02
1.01745605e-01
1.03424072e-01
1.04980469e-01
1.06353760e-01
1.07696533e-01
1.09527588e-01
1.11907959e-01
1.13830566e-01
1.15325928e-01
1.16821289e-01
1.18438721e-01
1.20330811e-01
1.21734619e-01
1.22802734e-01
1.23901367e-01
1.24847412e-01
1.25488281e-01
1.25976562e-01
1.26464844e-01
1.26800537e-01
1.27655029e-01
1.29364014e-01
1.31164551e-01
1.32995605e-01
1.34582520e-01
1.36108398e-01
1.37817383e-01
1.39068604e-01
1.40136719e-01
1.40625000e-01
1.41448975e-01
1.43005371e-01
1.44134521e-01
1.45385742e-01
1.46240234e-01
1.47003174e-01
1.48223877e-01
1.49017334e-01
1.49932861e-01
1.50939941e-01
1.51580811e-01
1.52099609e-01
1.52221680e-01
1.51916504e-01
1.52008057e-01
1.52343750e-01
1.52435303e-01
1.53076172e-01
1.54235840e-01
1.55151367e-01
1.56188965e-01
1.57562256e-01
1.59240723e-01
1.61315918e-01
1.63360596e-01
1.64794922e-01
1.65679932e-01
1.66656494e-01
1.67816162e-01
1.69219971e-01
1.70928955e-01
1.72454834e-01
1.73950195e-01
1.75231934e-01
1.75964355e-01
1.76635742e-01
1.77124023e-01
1.77520752e-01
1.78314209e-01
1.78833008e-01
1.78985596e-01
1.78741455e-01
1.78405762e-01
1.78222656e-01
1.77917480e-01
1.77612305e-01
1.77185059e-01
1.76483154e-01
1.75415039e-01
1.73980713e-01
1.72332764e-01
1.70898438e-01
1.69097900e-01
1.66656494e-01
1.64093018e-01
1.61529541e-01
1.59088135e-01
1.56280518e-01
1.53228760e-01
1.50299072e-01
1.47064209e-01
1.43676758e-01
1.40228271e-01
1.36932373e-01
1.33941650e-01
1.30523682e-01
1.26373291e-01
1.22711182e-01
1.19415283e-01
1.16058350e-01
1.12976074e-01
1.10382080e-01
1.08062744e-01
1.05133057e-01
1.02172852e-01
9.98229980e-02
9.73510742e-02
9.50012207e-02
9.34143066e-02
9.13696289e-02
8.88977051e-02
8.69140625e-02
8.47473145e-02
8.24584961e-02
8.01086426e-02
7.71789551e-02
7.37609863e-02
7.03735352e-02
6.72912598e-02
6.40258789e-02
6.06689453e-02
5.70678711e-02
5.30700684e-02
4.93469238e-02
4.60510254e-02
4.29382324e-02
4.00085449e-02
3.73535156e-02
3.45764160e-02
3.16772461e-02
2.82592773e-02
2.53906250e-02
2.31323242e-02
2.07214355e-02
1.82495117e-02
1.59606934e-02
1.41296387e-02
1.23291016e-02
1.05590820e-02
8.60595703e-03
6.46972656e-03
4.63867188e-03
3.02124023e-03
1.31225586e-03
-3.35693359e-04
-2.10571289e-03
-4.18090820e-03
-6.25610352e-03
-7.84301758e-03
-9.12475586e-03
-1.04980469e-02
-1.24206543e-02
-1.48010254e-02
-1.70593262e-02
-1.92871094e-02
-2.09960938e-02
-2.20336914e-02
-2.32543945e-02
-2.47497559e-02
-2.61840820e-02
-2.75878906e-02
-2.90222168e-02
-3.03039551e-02
-3.13415527e-02
-3.22570801e-02
-3.35083008e-02
-3.43627930e-02
-3.52172852e-02
-3.70483398e-02
-3.82080078e-02
-3.84216309e-02
-3.90319824e-02
-4.03747559e-02
-4.23889160e-02
-4.44335938e-02
-4.56237793e-02
-4.64782715e-02
-4.75769043e-02
-4.84008789e-02
-4.96520996e-02
-5.12695312e-02
-5.29174805e-02
-5.47790527e-02
-5.62744141e-02
-5.80749512e-02
-6.03332520e-02
-6.26831055e-02
-6.45751953e-02
-6.65893555e-02
-6.88781738e-02
-7.11364746e-02
-7.29675293e-02
-7.44934082e-02
-7.63854980e-02
-7.77893066e-02
-7.91931152e-02
-8.09326172e-02
-8.21533203e-02
-8.34655762e-02
-8.52355957e-02
-8.73107910e-02
-8.93249512e-02
-9.07287598e-02
-9.23156738e-02
-9.42687988e-02
-9.61303711e-02
-9.78393555e-02
-9.87243652e-02
-9.89990234e-02
-9.96398926e-02
-1.00769043e-01
-1.02172852e-01
-1.03759766e-01
-1.05041504e-01
-1.06384277e-01
-1.08367920e-01
-1.10717773e-01
-1.12762451e-01
-1.14562988e-01
-1.15966797e-01
-1.17156982e-01
-1.18530273e-01
-1.20239258e-01
-1.22039795e-01
-1.23901367e-01
-1.25152588e-01
-1.26129150e-01
-1.27716064e-01
-1.29119873e-01
-1.30615234e-01
-1.32751465e-01
-1.34368896e-01
-1.35864258e-01
-1.37695312e-01
-1.39190674e-01
-1.40686035e-01
-1.42059326e-01
-1.43524170e-01
-1.45782471e-01
-1.48590088e-01
-1.51123047e-01
-1.53503418e-01
-1.55395508e-01
-1.57043457e-01
-1.59057617e-01
-1.60369873e-01
-1.61743164e-01
-1.63665771e-01
-1.65466309e-01
-1.66992188e-01
-1.68395996e-01
-1.69433594e-01
-1.70288086e-01
-1.71142578e-01
-1.71905518e-01
-1.72180176e-01
-1.72088623e-01
-1.72119141e-01
-1.71997070e-01
-1.71600342e-01
-1.71691895e-01
-1.72027588e-01
-1.72424316e-01
-1.72912598e-01
-1.72973633e-01
-1.73431396e-01
-1.73645020e-01
-1.73645020e-01
-1.74011230e-01
-1.74774170e-01
-1.75537109e-01
-1.76055908e-01
-1.76177979e-01
-1.76269531e-01
-1.76635742e-01
-1.76635742e-01
-1.76574707e-01
-1.76391602e-01
-1.76147461e-01
-1.75842285e-01
-1.75659180e-01
-1.75659180e-01
-1.75323486e-01
-1.74896240e-01
-1.74407959e-01
-1.73248291e-01
-1.71752930e-01
-1.70104980e-01
-1.68762207e-01
-1.67846680e-01
-1.66442871e-01
-1.64642334e-01
-1.62597656e-01
-1.60705566e-01
-1.58996582e-01
-1.57501221e-01
-1.56066895e-01
-1.54266357e-01
-1.52130127e-01
-1.49841309e-01
-1.48040771e-01
-1.46148682e-01
-1.43951416e-01
-1.41448975e-01
-1.39068604e-01
-1.36932373e-01
-1.34918213e-01
-1.32751465e-01
-1.29882812e-01
-1.27136230e-01
-1.24694824e-01
-1.22589111e-01
-1.21063232e-01
-1.19354248e-01
-1.16943359e-01
-1.14471436e-01
-1.11877441e-01
-1.09130859e-01
-1.06292725e-01
-1.03149414e-01
-1.00158691e-01
-9.72595215e-02
-9.44519043e-02
-9.24682617e-02
-9.01184082e-02
-8.73107910e-02
-8.47167969e-02
-8.21838379e-02
-7.98034668e-02
-7.76672363e-02
-7.55310059e-02
-7.31201172e-02
-7.03125000e-02
-6.74438477e-02
-6.49414062e-02
-6.21643066e-02
-5.90820312e-02
-5.59387207e-02
-5.33142090e-02
-5.12390137e-02
-4.91333008e-02
-4.67529297e-02
-4.47387695e-02
-4.25109863e-02
-4.02832031e-02
-3.79638672e-02
-3.56445312e-02
-3.40270996e-02
-3.25622559e-02
-3.08532715e-02
-2.90832520e-02
-2.67944336e-02
-2.40173340e-02
-2.19726562e-02
-2.00500488e-02
-1.77917480e-02
-1.57775879e-02
-1.41296387e-02
-1.19934082e-02
-9.88769531e-03
-8.02612305e-03
-6.31713867e-03
-5.21850586e-03
-4.42504883e-03
-3.05175781e-03
-1.31225586e-03
3.35693359e-04
1.77001953e-03
2.38037109e-03
2.68554688e-03
3.47900391e-03
4.21142578e-03
4.66918945e-03
5.18798828e-03
5.79833984e-03
6.19506836e-03
6.37817383e-03
6.98852539e-03
7.08007812e-03
7.59887695e-03
8.48388672e-03
9.12475586e-03
9.76562500e-03
1.04675293e-02
1.08947754e-02
1.11389160e-02
1.15966797e-02
1.21765137e-02
1.32141113e-02
1.41601562e-02
1.51062012e-02
1.55639648e-02
1.54113770e-02
1.54418945e-02
1.60827637e-02
1.63879395e-02
1.65100098e-02
1.69677734e-02
1.74865723e-02
1.82189941e-02
1.91955566e-02
1.99279785e-02
2.09045410e-02
2.17590332e-02
2.20947266e-02
2.27966309e-02
2.35900879e-02
2.42004395e-02
2.49938965e-02
2.61230469e-02
2.66418457e-02
2.70080566e-02
2.74353027e-02
2.74047852e-02
2.78320312e-02
2.87170410e-02
2.96020508e-02
3.03039551e-02
3.12500000e-02
3.23486328e-02
3.33862305e-02
3.44848633e-02
3.53393555e-02
3.61633301e-02
3.65905762e-02
3.69567871e-02
3.75671387e-02
3.80859375e-02
3.88488770e-02
3.94897461e-02
3.99169922e-02
4.04663086e-02
4.15344238e-02
4.24499512e-02
4.29992676e-02
4.34570312e-02
4.35791016e-02
4.37927246e-02
4.43115234e-02
4.50439453e-02
4.57153320e-02
4.64477539e-02
4.78210449e-02
4.90112305e-02
4.97436523e-02
5.04150391e-02
5.10253906e-02
5.18798828e-02
5.30700684e-02
5.46875000e-02
5.63964844e-02
5.81970215e-02
5.98144531e-02
6.10046387e-02
6.20422363e-02
6.31408691e-02
6.42395020e-02
6.57348633e-02
6.69860840e-02
6.78100586e-02
6.86950684e-02
6.95190430e-02
7.03430176e-02
7.14721680e-02
7.29675293e-02
7.44628906e-02
7.57446289e-02
7.65991211e-02
7.76367188e-02
7.87658691e-02
7.97119141e-02
8.03527832e-02
8.09936523e-02
8.11767578e-02
8.08715820e-02
8.05969238e-02
8.03833008e-02
8.05053711e-02
8.06579590e-02
8.05664062e-02
8.01086426e-02
7.97424316e-02
7.94982910e-02
7.95898438e-02
7.95898438e-02
7.93151855e-02
7.91015625e-02
7.93762207e-02
7.94982910e-02
7.94982910e-02
8.00170898e-02
8.00781250e-02
7.97119141e-02
7.94677734e-02
7.87963867e-02
7.81250000e-02
7.82470703e-02
7.83996582e-02
7.79724121e-02
7.76672363e-02
7.73925781e-02
7.67517090e-02
7.61413574e-02
7.56530762e-02
7.48901367e-02
7.36083984e-02
7.22961426e-02
7.15942383e-02
7.08923340e-02
7.00073242e-02
6.92749023e-02
6.85729980e-02
6.77185059e-02
6.64367676e-02
6.49719238e-02
6.37817383e-02
6.29272461e-02
6.20422363e-02
6.12792969e-02
6.03942871e-02
5.96008301e-02
5.91735840e-02
5.85021973e-02
5.77697754e-02
5.69458008e-02
5.57861328e-02
5.46875000e-02
5.36193848e-02
5.25512695e-02
5.13916016e-02
4.99572754e-02
4.86145020e-02
4.74853516e-02
4.61120605e-02
4.48303223e-02
4.38537598e-02
4.22363281e-02
4.04357910e-02
3.97033691e-02
3.92761230e-02
3.87573242e-02
3.84521484e-02
3.76586914e-02
3.66821289e-02
3.56750488e-02
3.46069336e-02
3.32641602e-02
3.21350098e-02
3.10668945e-02
3.01513672e-02
2.90222168e-02
2.78625488e-02
2.67028809e-02
2.57263184e-02
2.52075195e-02
2.43225098e-02
2.29492188e-02
2.17285156e-02
2.06909180e-02
1.95922852e-02
1.85241699e-02
1.71813965e-02
1.58691406e-02
1.48620605e-02
1.40686035e-02
1.37634277e-02
1.39160156e-02
1.33361816e-02
1.23291016e-02
1.12915039e-02
1.05590820e-02
9.76562500e-03
9.00268555e-03
8.48388672e-03
8.08715820e-03
7.59887695e-03
7.17163086e-03
7.01904297e-03
6.89697266e-03
6.77490234e-03
6.46972656e-03
5.85937500e-03
5.18798828e-03
4.42504883e-03
3.35693359e-03
2.71606445e-03
2.04467773e-03
1.61743164e-03
1.37329102e-03
9.76562500e-04
5.49316406e-04
3.05175781e-05
-3.66210938e-04
-1.00708008e-03
-1.55639648e-03
-1.89208984e-03
-1.92260742e-03
-1.92260742e-03
-1.98364258e-03
-2.19726562e-03
-2.71606445e-03
-3.44848633e-03
-4.33349609e-03
-5.21850586e-03
-6.13403320e-03
-6.89697266e-03
-7.75146484e-03
-9.00268555e-03
-9.97924805e-03
-1.04675293e-02
-1.13830566e-02
-1.25732422e-02
-1.38549805e-02
-1.52282715e-02
-1.64489746e-02
-1.78527832e-02
-1.93176270e-02
-2.04467773e-02
-2.13012695e-02
-2.22778320e-02
-2.32543945e-02
-2.44140625e-02
-2.60009766e-02
-2.74047852e-02
-2.80761719e-02
-2.88085938e-02
-2.98156738e-02
-3.08227539e-02
-3.19213867e-02
-3.31726074e-02
-3.44543457e-02
-3.59191895e-02
-3.73229980e-02
-3.85131836e-02
-4.00695801e-02
-4.11376953e-02
-4.22668457e-02
-4.40979004e-02
-4.58374023e-02
-4.69665527e-02
-4.78820801e-02
-4.85229492e-02
-4.88281250e-02
-4.94384766e-02
-5.00793457e-02
-5.08728027e-02
-5.16967773e-02
-5.22155762e-02
-5.31005859e-02
-5.40771484e-02
-5.49926758e-02
-5.57556152e-02
-5.63659668e-02
-5.68237305e-02
-5.70373535e-02
-5.76782227e-02
-5.86853027e-02
-5.94177246e-02
-6.02416992e-02
-6.14013672e-02
-6.25000000e-02
-6.35375977e-02
-6.44226074e-02
-6.52770996e-02
-6.62231445e-02
-6.73217773e-02
-6.82678223e-02
-6.91223145e-02
-7.03430176e-02
-7.18994141e-02
-7.32727051e-02
-7.41577148e-02
-7.49816895e-02
-7.60192871e-02
-7.71789551e-02
-7.81860352e-02
-7.91015625e-02
-8.00476074e-02
-8.07800293e-02
-8.11157227e-02
-8.17260742e-02
-8.27026367e-02
-8.35266113e-02
-8.45031738e-02
-8.52661133e-02
-8.57543945e-02
-8.63037109e-02
-8.64562988e-02
-8.64257812e-02
-8.66394043e-02
-8.72192383e-02
-8.77380371e-02
-8.78601074e-02
-8.77380371e-02
-8.75854492e-02
-8.74328613e-02
-8.74328613e-02
-8.77075195e-02
-8.81652832e-02
-8.85620117e-02
-8.87145996e-02
-8.89282227e-02
-8.93554688e-02
-8.98742676e-02
-9.00878906e-02
-8.98437500e-02
-8.98437500e-02
-9.02709961e-02
-9.04235840e-02
-9.04235840e-02
-9.03015137e-02
-9.01794434e-02
-9.02099609e-02
-9.04846191e-02
-9.07287598e-02
-9.07287598e-02
-9.08813477e-02
-9.09118652e-02
-9.06982422e-02
-9.03625488e-02
-9.03015137e-02
-9.04846191e-02
-9.03320312e-02
-8.98437500e-02
-8.99658203e-02
-9.00878906e-02
-8.97827148e-02
-8.91723633e-02
-8.81652832e-02
-8.73718262e-02
-8.66394043e-02
-8.59680176e-02
-8.55712891e-02
-8.53576660e-02
-8.48388672e-02
-8.38623047e-02
-8.26110840e-02
-8.14208984e-02
-8.01086426e-02
-7.87658691e-02
-7.74536133e-02
-7.60192871e-02
-7.46154785e-02
-7.31506348e-02
-7.15637207e-02
-6.98852539e-02
-6.82678223e-02
-6.68029785e-02
-6.55517578e-02
-6.46057129e-02
-6.35375977e-02
-6.21032715e-02
-6.05773926e-02
-5.90820312e-02
-5.78613281e-02
-5.66711426e-02
-5.52062988e-02
-5.34667969e-02
-5.16967773e-02
-5.02319336e-02
-4.90112305e-02
-4.73022461e-02
-4.52270508e-02
-4.35485840e-02
-4.20532227e-02
-4.06799316e-02
-3.93981934e-02
-3.81164551e-02
-3.67431641e-02
-3.50646973e-02
-3.32946777e-02
-3.15856934e-02
-2.99987793e-02
-2.80151367e-02
-2.56042480e-02
-2.36816406e-02
-2.18505859e-02
-1.98059082e-02
-1.80053711e-02
-1.62658691e-02
-1.42822266e-02
-1.21154785e-02
-1.03149414e-02
-8.91113281e-03
-7.41577148e-03
-5.92041016e-03
-4.54711914e-03
-2.99072266e-03
-1.40380859e-03
2.44140625e-04
1.70898438e-03
2.89916992e-03
4.11987305e-03
5.09643555e-03
6.50024414e-03
8.17871094e-03
9.58251953e-03
1.07116699e-02
1.16882324e-02
1.30004883e-02
1.42517090e-02
1.53198242e-02
1.62048340e-02
1.72729492e-02
1.83410645e-02
1.90734863e-02
2.01110840e-02
2.14538574e-02
2.27966309e-02
2.41088867e-02
2.52990723e-02
2.61230469e-02
2.64892578e-02
2.68859863e-02
2.71911621e-02
2.70690918e-02
2.72521973e-02
2.77404785e-02
2.82592773e-02
2.89001465e-02
2.93273926e-02
2.95715332e-02
2.99682617e-02
3.05175781e-02
3.11584473e-02
3.14941406e-02
3.17993164e-02
3.23181152e-02
3.27453613e-02
3.29284668e-02
3.28674316e-02
3.28979492e-02
3.31420898e-02
3.35083008e-02
3.40270996e-02
3.46374512e-02
3.54003906e-02
3.64379883e-02
3.75976562e-02
3.89404297e-02
4.03442383e-02
4.15649414e-02
4.22973633e-02
4.27246094e-02
4.35791016e-02
4.46166992e-02
4.57153320e-02
4.66613770e-02
4.73022461e-02
4.79431152e-02
4.89196777e-02
5.02014160e-02
5.16967773e-02
5.34057617e-02
5.47485352e-02
5.55725098e-02
5.64880371e-02
5.75561523e-02
5.85327148e-02
5.96313477e-02
6.06994629e-02
6.14318848e-02
6.23474121e-02
6.32324219e-02
6.38122559e-02
6.43615723e-02
6.47888184e-02
6.50634766e-02
6.56127930e-02
6.65588379e-02
6.78405762e-02
6.88781738e-02
6.95800781e-02
6.99768066e-02
6.99462891e-02
7.00683594e-02
7.00988770e-02
7.00988770e-02
7.03125000e-02
7.07092285e-02
7.09228516e-02
7.11975098e-02
7.17163086e-02
7.22961426e-02
7.23266602e-02
7.18994141e-02
7.17163086e-02
7.14416504e-02
7.11364746e-02
7.07397461e-02
7.03735352e-02
6.99768066e-02
6.96105957e-02
6.90002441e-02
6.79626465e-02
6.72912598e-02
6.71997070e-02
6.71997070e-02
6.71386719e-02
6.67419434e-02
6.61621094e-02
6.54602051e-02
6.48498535e-02
6.47277832e-02
6.45446777e-02
6.39953613e-02
6.30493164e-02
6.18896484e-02
6.10656738e-02
6.02416992e-02
5.91735840e-02
5.78308105e-02
5.65795898e-02
5.59082031e-02
5.52673340e-02
5.44738770e-02
5.36193848e-02
5.27648926e-02
5.16052246e-02
5.08117676e-02
5.01098633e-02
4.92248535e-02
4.87060547e-02
4.82482910e-02
4.76074219e-02
4.67834473e-02
4.58984375e-02
4.49523926e-02
4.41284180e-02
4.34570312e-02
4.28161621e-02
4.17785645e-02
4.01306152e-02
3.89709473e-02
3.85437012e-02
3.78723145e-02
3.71704102e-02
3.64379883e-02
3.55529785e-02
3.47900391e-02
3.43933105e-02
3.40576172e-02
3.32946777e-02
3.21350098e-02
3.10058594e-02
3.03955078e-02
3.03039551e-02
2.98461914e-02
2.88696289e-02
2.81982422e-02
2.77099609e-02
2.69775391e-02
2.65197754e-02
2.61230469e-02
2.55126953e-02
2.50549316e-02
2.45056152e-02
2.38952637e-02
2.32543945e-02
2.27966309e-02
2.23999023e-02
2.21862793e-02
2.18505859e-02
2.11486816e-02
2.02941895e-02
1.92871094e-02
1.84631348e-02
1.77917480e-02
1.69982910e-02
1.56555176e-02
1.42822266e-02
1.33972168e-02
1.26647949e-02
1.19934082e-02
1.09252930e-02
9.64355469e-03
8.39233398e-03
7.32421875e-03
6.34765625e-03
5.15747070e-03
4.11987305e-03
2.92968750e-03
1.86157227e-03
7.62939453e-04
-2.13623047e-04
-9.15527344e-04
-1.52587891e-03
-2.10571289e-03
-2.68554688e-03
-3.54003906e-03
-4.69970703e-03
-5.92041016e-03
-7.26318359e-03
-8.05664062e-03
-8.88061523e-03
-9.85717773e-03
-1.07421875e-02
-1.14746094e-02
-1.21765137e-02
-1.28784180e-02
-1.37023926e-02
-1.45568848e-02
-1.54418945e-02
-1.64184570e-02
-1.69982910e-02
-1.75781250e-02
-1.82495117e-02
-1.89819336e-02
-1.95312500e-02
-2.03552246e-02
-2.11791992e-02
-2.18505859e-02
-2.22778320e-02
-2.29187012e-02
-2.37121582e-02
-2.44445801e-02
-2.51770020e-02
-2.57263184e-02
-2.62756348e-02
-2.71911621e-02
-2.82592773e-02
-2.90527344e-02
-3.00903320e-02
-3.11584473e-02
-3.21044922e-02
-3.28674316e-02
-3.37219238e-02
-3.45764160e-02
-3.54919434e-02
-3.65600586e-02
-3.77807617e-02
-3.88793945e-02
-3.99169922e-02
-4.08630371e-02
-4.18395996e-02
-4.26330566e-02
-4.31213379e-02
-4.34570312e-02
-4.39147949e-02
-4.44946289e-02
-4.52880859e-02
-4.63562012e-02
-4.70581055e-02
-4.76074219e-02
-4.83703613e-02
-4.93164062e-02
-5.03540039e-02
-5.15747070e-02
-5.25207520e-02
-5.32836914e-02
-5.38330078e-02
-5.40466309e-02
-5.41687012e-02
-5.43518066e-02
-5.45654297e-02
-5.45654297e-02
-5.45654297e-02
-5.44738770e-02
-5.48095703e-02
-5.53283691e-02
-5.55114746e-02
-5.57556152e-02
-5.56640625e-02
-5.54809570e-02
-5.55114746e-02
-5.55725098e-02
-5.53894043e-02
-5.50842285e-02
-5.49316406e-02
-5.49011230e-02
-5.49926758e-02
-5.52062988e-02
-5.52978516e-02
-5.53588867e-02
-5.55114746e-02
-5.58776855e-02
-5.63964844e-02
-5.66406250e-02
-5.70068359e-02
-5.75866699e-02
-5.81970215e-02
-5.85021973e-02
-5.87768555e-02
-5.88684082e-02
-5.91125488e-02
-5.96923828e-02
-6.01501465e-02
-6.08520508e-02
-6.15234375e-02
-6.18286133e-02
-6.21948242e-02
-6.30187988e-02
-6.38427734e-02
-6.41784668e-02
-6.43615723e-02
-6.47277832e-02
-6.50939941e-02
-6.54907227e-02
-6.60400391e-02
-6.66503906e-02
-6.71386719e-02
-6.76269531e-02
-6.82983398e-02
-6.88171387e-02
-6.92443848e-02
-6.95495605e-02
-6.97937012e-02
-7.03125000e-02
-7.09533691e-02
-7.15026855e-02
-7.20520020e-02
-7.25097656e-02
-7.27844238e-02
-7.28454590e-02
-7.25708008e-02
-7.23266602e-02
-7.22045898e-02
-7.21130371e-02
-7.23571777e-02
-7.24182129e-02
-7.23266602e-02
-7.25402832e-02
-7.26928711e-02
-7.28454590e-02
-7.29370117e-02
-7.29675293e-02
-7.29064941e-02
-7.27539062e-02
-7.25402832e-02
-7.25708008e-02
-7.29064941e-02
-7.31506348e-02
-7.31506348e-02
-7.29675293e-02
-7.29675293e-02
-7.31811523e-02
-7.34558105e-02
-7.35778809e-02
-7.33947754e-02
-7.32421875e-02
-7.30895996e-02
-7.26623535e-02
-7.22961426e-02
-7.21130371e-02
-7.18383789e-02
-7.14721680e-02
-7.09533691e-02
-7.02819824e-02
-6.97326660e-02
-6.91223145e-02
-6.84814453e-02
-6.78405762e-02
-6.71997070e-02
-6.65283203e-02
-6.57653809e-02
-6.50634766e-02
-6.43920898e-02
-6.35681152e-02
-6.26220703e-02
-6.17370605e-02
-6.11572266e-02
-6.07910156e-02
-6.03637695e-02
-5.98449707e-02
-5.90820312e-02
-5.82275391e-02
-5.73730469e-02
-5.67321777e-02
-5.60302734e-02
-5.52978516e-02
-5.45349121e-02
-5.37109375e-02
-5.27648926e-02
-5.15747070e-02
-5.03845215e-02
-4.94384766e-02
-4.83398438e-02
-4.71191406e-02
-4.60205078e-02
-4.50439453e-02
-4.39758301e-02
-4.28161621e-02
-4.19006348e-02
-4.05578613e-02
-3.88793945e-02
-3.73229980e-02
-3.60412598e-02
-3.50952148e-02
-3.39660645e-02
-3.27758789e-02
-3.17382812e-02
-3.06091309e-02
-2.95715332e-02
-2.86865234e-02
-2.77709961e-02
-2.65808105e-02
-2.55126953e-02
-2.45361328e-02
-2.34680176e-02
-2.25830078e-02
-2.16674805e-02
-2.06604004e-02
-1.96228027e-02
-1.84326172e-02
-1.72729492e-02
-1.62963867e-02
-1.49536133e-02
-1.39465332e-02
-1.33056641e-02
-1.25732422e-02
-1.18713379e-02
-1.11389160e-02
-1.03454590e-02
-9.76562500e-03
-9.12475586e-03
-8.17871094e-03
-7.20214844e-03
-6.37817383e-03
-5.67626953e-03
-5.31005859e-03
-4.97436523e-03
-4.76074219e-03
-4.73022461e-03
-4.54711914e-03
-4.82177734e-03
-5.24902344e-03
-5.46264648e-03
-5.46264648e-03
-5.24902344e-03
-4.85229492e-03
-4.57763672e-03
-4.18090820e-03
-3.87573242e-03
-3.66210938e-03
-3.38745117e-03
-3.08227539e-03
-2.83813477e-03
-2.80761719e-03
-2.80761719e-03
-2.47192383e-03
-2.10571289e-03
-1.73950195e-03
-1.15966797e-03
-6.71386719e-04
-3.35693359e-04
-1.52587891e-04
1.52587891e-04
7.93457031e-04
1.34277344e-03
1.77001953e-03
2.28881836e-03
2.86865234e-03
3.32641602e-03
3.81469727e-03
4.42504883e-03
4.97436523e-03
5.27954102e-03
5.52368164e-03
5.92041016e-03
6.46972656e-03
7.08007812e-03
7.50732422e-03
7.93457031e-03
8.39233398e-03
8.78906250e-03
9.33837891e-03
9.91821289e-03
1.04064941e-02
1.10168457e-02
1.16882324e-02
1.22070312e-02
1.29089355e-02
1.38549805e-02
1.48315430e-02
1.56555176e-02
1.65100098e-02
1.73645020e-02
1.82800293e-02
1.92871094e-02
2.01416016e-02
2.10876465e-02
2.21862793e-02
2.32543945e-02
2.42309570e-02
2.50549316e-02
2.59399414e-02
2.66113281e-02
2.70996094e-02
2.75268555e-02
2.77709961e-02
2.81982422e-02
2.88085938e-02
2.94494629e-02
2.99987793e-02
3.02429199e-02
3.03039551e-02
3.04870605e-02
3.08227539e-02
3.11889648e-02
3.14636230e-02
3.17687988e-02
3.20129395e-02
3.21655273e-02
3.21350098e-02
3.21960449e-02
3.25317383e-02
3.27453613e-02
3.30810547e-02
3.34777832e-02
3.37524414e-02
3.40576172e-02
3.46069336e-02
3.50341797e-02
3.52172852e-02
3.55529785e-02
3.59802246e-02
3.61633301e-02
3.62243652e-02
3.61022949e-02
3.61633301e-02
3.62854004e-02
3.63159180e-02
3.64379883e-02
3.65295410e-02
3.64074707e-02
3.60412598e-02
3.57666016e-02
3.53393555e-02
3.53088379e-02
3.55529785e-02
3.55529785e-02
3.55834961e-02
3.56445312e-02
3.54309082e-02
3.52478027e-02
3.51257324e-02
3.49121094e-02
3.46984863e-02
3.44543457e-02
3.39965820e-02
3.35693359e-02
3.33251953e-02
3.29589844e-02
3.25622559e-02
3.22265625e-02
3.17993164e-02
3.13720703e-02
3.10363770e-02
3.08532715e-02
3.07312012e-02
3.05175781e-02
3.02734375e-02
2.97546387e-02
2.91442871e-02
2.86865234e-02
2.82592773e-02
2.79235840e-02
2.75268555e-02
2.68554688e-02
2.63366699e-02
2.58483887e-02
2.50854492e-02
2.45361328e-02
2.40173340e-02
2.35595703e-02
2.33764648e-02
2.34375000e-02
2.33459473e-02
2.28881836e-02
2.23693848e-02
2.19726562e-02
2.14233398e-02
2.08129883e-02
2.03552246e-02
1.99279785e-02
1.95007324e-02
1.91345215e-02
1.87377930e-02
1.81884766e-02
1.76086426e-02
1.71508789e-02
1.69067383e-02
1.68151855e-02
1.68151855e-02
1.68151855e-02
1.66320801e-02
1.65100098e-02
1.65405273e-02
1.65100098e-02
1.65405273e-02
1.66015625e-02
1.66320801e-02
1.67236328e-02
1.64794922e-02
1.61743164e-02
1.59912109e-02
1.57470703e-02
1.54113770e-02
1.51062012e-02
1.46789551e-02
1.42822266e-02
1.39770508e-02
1.34887695e-02
1.31835938e-02
1.28784180e-02
1.24511719e-02
1.24206543e-02
1.22070312e-02
1.18103027e-02
1.13220215e-02
1.09252930e-02
1.05285645e-02
1.02539062e-02
1.00097656e-02
9.76562500e-03
9.39941406e-03
9.21630859e-03
9.12475586e-03
8.78906250e-03
8.66699219e-03
8.30078125e-03
7.84301758e-03
7.35473633e-03
6.80541992e-03
6.37817383e-03
5.88989258e-03
5.40161133e-03
5.18798828e-03
4.85229492e-03
4.39453125e-03
4.08935547e-03
3.66210938e-03
3.23486328e-03
2.80761719e-03
2.04467773e-03
1.37329102e-03
1.03759766e-03
7.62939453e-04
6.71386719e-04
4.57763672e-04
6.10351562e-05
-3.66210938e-04
-1.00708008e-03
-1.86157227e-03
-2.68554688e-03
-3.44848633e-03
-4.39453125e-03
-5.55419922e-03
-6.46972656e-03
-7.29370117e-03
-7.93457031e-03
-8.72802734e-03
-9.76562500e-03
-1.09252930e-02
-1.19323730e-02
-1.27563477e-02
-1.37023926e-02
-1.44653320e-02
-1.48010254e-02
-1.52282715e-02
-1.58081055e-02
-1.62658691e-02
-1.68151855e-02
-1.71813965e-02
-1.74865723e-02
-1.79138184e-02
-1.85241699e-02
-1.89514160e-02
-1.92871094e-02
-1.97448730e-02
-2.02331543e-02
-2.07519531e-02
-2.12402344e-02
-2.19421387e-02
-2.28271484e-02
-2.38037109e-02
-2.47192383e-02
-2.54211426e-02
-2.60314941e-02
-2.67028809e-02
-2.74353027e-02
-2.80761719e-02
-2.88391113e-02
-2.93273926e-02
-2.95715332e-02
-2.98461914e-02
-3.01818848e-02
-3.05480957e-02
-3.07312012e-02
-3.09448242e-02
-3.09143066e-02
-3.08532715e-02
-3.09448242e-02
-3.06396484e-02
-3.00903320e-02
-2.95410156e-02
-2.92358398e-02
-2.91137695e-02
-2.91442871e-02
-2.93273926e-02
-2.95410156e-02
-2.95104980e-02
-2.92663574e-02
-2.92358398e-02
-2.94799805e-02
-2.97546387e-02
-2.98461914e-02
-2.99682617e-02
-3.02124023e-02
-3.03344727e-02
-3.05786133e-02
-3.10668945e-02
-3.16772461e-02
-3.23486328e-02
-3.29589844e-02
-3.33251953e-02
-3.34777832e-02
-3.38134766e-02
-3.43322754e-02
-3.49121094e-02
-3.54614258e-02
-3.60717773e-02
-3.69262695e-02
-3.75671387e-02
-3.79943848e-02
-3.83605957e-02
-3.86352539e-02
-3.88488770e-02
-3.90625000e-02
-3.93981934e-02
-3.98559570e-02
-4.03442383e-02
-4.05883789e-02
-4.07714844e-02
-4.10156250e-02
-4.11987305e-02
-4.14428711e-02
-4.15954590e-02
-4.17785645e-02
-4.19921875e-02
-4.19616699e-02
-4.19921875e-02
-4.21447754e-02
-4.22668457e-02
-4.25109863e-02
-4.26635742e-02
-4.27246094e-02
-4.28161621e-02
-4.28161621e-02
-4.27856445e-02
-4.26635742e-02
-4.25109863e-02
-4.24194336e-02
-4.22973633e-02
-4.23583984e-02
-4.26635742e-02
-4.29382324e-02
-4.29382324e-02
-4.26940918e-02
-4.26025391e-02
-4.25415039e-02
-4.23889160e-02
-4.24194336e-02
-4.22668457e-02
-4.21752930e-02
-4.22973633e-02
-4.23889160e-02
-4.23583984e-02
-4.22363281e-02
-4.23583984e-02
-4.23889160e-02
-4.24499512e-02
-4.24194336e-02
-4.22668457e-02
-4.21447754e-02
-4.21447754e-02
-4.21752930e-02
-4.19311523e-02
-4.17785645e-02
-4.16564941e-02
-4.16259766e-02
-4.16564941e-02
-4.15344238e-02
-4.13208008e-02
-4.10156250e-02
-4.07104492e-02
-4.04663086e-02
-4.02832031e-02
-4.02526855e-02
-4.04052734e-02
-4.03747559e-02
-4.00390625e-02
-3.96728516e-02
-3.92761230e-02
-3.89099121e-02
-3.86657715e-02
-3.84216309e-02
-3.84521484e-02
-3.85742188e-02
-3.87268066e-02
-3.86657715e-02
-3.83300781e-02
-3.79028320e-02
-3.74755859e-02
-3.73535156e-02
-3.70788574e-02
-3.68957520e-02
-3.68041992e-02
-3.67126465e-02
-3.66821289e-02
-3.64990234e-02
-3.62243652e-02
-3.58886719e-02
-3.55529785e-02
-3.53698730e-02
-3.53088379e-02
-3.54003906e-02
-3.54919434e-02
-3.54309082e-02
-3.52172852e-02
-3.49121094e-02
-3.44543457e-02
-3.41186523e-02
-3.39355469e-02
-3.36303711e-02
-3.34167480e-02
-3.31115723e-02
-3.28674316e-02
-3.25622559e-02
-3.21960449e-02
-3.18908691e-02
-3.17687988e-02
-3.15856934e-02
-3.12805176e-02
-3.10363770e-02
-3.05480957e-02
-3.00598145e-02
-2.95410156e-02
-2.89306641e-02
-2.82897949e-02
-2.75573730e-02
-2.66723633e-02
-2.59094238e-02
-2.53295898e-02
-2.48413086e-02
-2.44140625e-02
-2.37731934e-02
-2.31933594e-02
-2.22778320e-02
-2.11181641e-02
-2.02331543e-02
-1.95007324e-02
-1.90124512e-02
-1.82189941e-02
-1.73950195e-02
-1.64794922e-02
-1.56250000e-02
-1.50146484e-02
-1.42517090e-02
-1.34582520e-02
-1.27258301e-02
-1.20239258e-02
-1.12915039e-02
-1.06201172e-02
-1.02233887e-02
-9.79614258e-03
-9.24682617e-03
-8.57543945e-03
-7.99560547e-03
-7.72094727e-03
-7.47680664e-03
-7.08007812e-03
-6.77490234e-03
-6.31713867e-03
-5.79833984e-03
-5.40161133e-03
-5.06591797e-03
-4.85229492e-03
-4.54711914e-03
-3.99780273e-03
-3.66210938e-03
-3.44848633e-03
-2.71606445e-03
-1.80053711e-03
-1.00708008e-03
-3.05175781e-04
2.74658203e-04
1.00708008e-03
1.52587891e-03
1.98364258e-03
2.50244141e-03
2.99072266e-03
3.57055664e-03
4.21142578e-03
4.85229492e-03
5.27954102e-03
5.79833984e-03
6.46972656e-03
7.08007812e-03
7.53784180e-03
8.11767578e-03
8.81958008e-03
9.42993164e-03
9.94873047e-03
1.04370117e-02
1.08337402e-02
1.11694336e-02
1.13525391e-02
1.18408203e-02
1.23291016e-02
1.27868652e-02
1.30920410e-02
1.32446289e-02
1.35192871e-02
1.36413574e-02
1.36718750e-02
1.36413574e-02
1.39465332e-02
1.44042969e-02
1.47705078e-02
1.50146484e-02
1.52282715e-02
1.54418945e-02
1.56860352e-02
1.59912109e-02
1.61743164e-02
1.64184570e-02
1.67541504e-02
1.70593262e-02
1.72424316e-02
1.74865723e-02
1.76696777e-02
1.79138184e-02
1.80358887e-02
1.80053711e-02
1.80969238e-02
1.80969238e-02
1.81274414e-02
1.82495117e-02
1.83410645e-02
1.84631348e-02
1.85241699e-02
1.84631348e-02
1.84326172e-02
1.84631348e-02
1.83105469e-02
1.82189941e-02
1.85241699e-02
1.87377930e-02
1.87377930e-02
1.88598633e-02
1.90734863e-02
1.89819336e-02
1.89514160e-02
1.89514160e-02
1.90429688e-02
1.91650391e-02
1.94091797e-02
1.94091797e-02
1.91955566e-02
1.91955566e-02
1.91650391e-02
1.91955566e-02
1.92565918e-02
1.94396973e-02
1.97143555e-02
1.97143555e-02
1.97143555e-02
1.97143555e-02
1.97143555e-02
2.00195312e-02
2.04162598e-02
2.06604004e-02
2.07519531e-02
2.08129883e-02
2.07824707e-02
2.08740234e-02
2.10876465e-02
2.11181641e-02
2.13317871e-02
2.14233398e-02
2.12707520e-02
2.13623047e-02
2.14233398e-02
2.16674805e-02
2.19726562e-02
2.20947266e-02
2.20336914e-02
2.19421387e-02
2.17285156e-02
2.15454102e-02
2.14843750e-02
2.14233398e-02
2.14233398e-02
2.14538574e-02
2.15148926e-02
2.15454102e-02
2.14233398e-02
2.12707520e-02
2.12097168e-02
2.10571289e-02
2.10571289e-02
2.11791992e-02
2.10571289e-02
2.09045410e-02
2.06604004e-02
2.05993652e-02
2.05383301e-02
2.05688477e-02
2.07824707e-02
2.09960938e-02
2.11181641e-02
2.10266113e-02
2.09045410e-02
2.06909180e-02
2.03857422e-02
2.00195312e-02
1.95922852e-02
1.92565918e-02
1.89514160e-02
1.84631348e-02
1.80664062e-02
1.77917480e-02
1.74255371e-02
1.71508789e-02
1.67541504e-02
1.62963867e-02
1.57165527e-02
1.51672363e-02
1.45874023e-02
1.38854980e-02
1.30615234e-02
1.23291016e-02
1.16577148e-02
1.09558105e-02
1.02844238e-02
9.76562500e-03
9.12475586e-03
8.57543945e-03
8.17871094e-03
7.72094727e-03
7.29370117e-03
6.95800781e-03
6.68334961e-03
6.46972656e-03
6.22558594e-03
5.92041016e-03
5.73730469e-03
5.37109375e-03
4.82177734e-03
4.30297852e-03
3.93676758e-03
3.57055664e-03
3.41796875e-03
3.23486328e-03
2.89916992e-03
2.71606445e-03
2.62451172e-03
2.50244141e-03
2.38037109e-03
2.38037109e-03
2.16674805e-03
1.98364258e-03
1.80053711e-03
1.49536133e-03
1.22070312e-03
1.00708008e-03
7.93457031e-04
5.18798828e-04
3.35693359e-04
3.96728516e-04
5.49316406e-04
5.79833984e-04
5.79833984e-04
4.88281250e-04
2.44140625e-04
-1.22070312e-04
-5.49316406e-04
-9.15527344e-04
-1.43432617e-03
-1.92260742e-03
-2.50244141e-03
-3.05175781e-03
-3.57055664e-03
-3.96728516e-03
-4.24194336e-03
-4.57763672e-03
-4.97436523e-03
-5.49316406e-03
-5.88989258e-03
-6.28662109e-03
-6.95800781e-03
-7.62939453e-03
-8.05664062e-03
-8.48388672e-03
-8.94165039e-03
-9.49096680e-03
-9.88769531e-03
-1.02844238e-02
-1.07116699e-02
-1.11694336e-02
-1.18103027e-02
-1.26037598e-02
-1.34887695e-02
-1.43737793e-02
-1.51672363e-02
-1.59606934e-02
-1.67236328e-02
-1.71508789e-02
-1.78222656e-02
-1.85546875e-02
-1.91040039e-02
-1.96228027e-02
-2.02331543e-02
-2.09045410e-02
-2.15148926e-02
-2.22473145e-02
-2.29797363e-02
-2.37731934e-02
-2.45361328e-02
-2.51464844e-02
-2.55126953e-02
-2.56042480e-02
-2.57873535e-02
-2.60925293e-02
-2.64282227e-02
-2.67333984e-02
-2.70996094e-02
-2.75573730e-02
-2.78625488e-02
-2.80456543e-02
-2.82897949e-02
-2.86865234e-02
-2.90832520e-02
-2.92358398e-02
-2.93273926e-02
-2.96630859e-02
-2.98461914e-02
-2.99682617e-02
-3.02734375e-02
-3.05175781e-02
-3.07312012e-02
-3.09448242e-02
-3.11584473e-02
-3.11889648e-02
-3.13720703e-02
-3.14636230e-02
-3.15856934e-02
-3.20434570e-02
-3.24401855e-02
-3.29284668e-02
-3.32641602e-02
-3.35388184e-02
-3.35998535e-02
-3.36303711e-02
-3.38134766e-02
-3.38134766e-02
-3.39050293e-02
-3.40270996e-02
-3.39965820e-02
-3.39965820e-02
-3.41186523e-02
-3.41796875e-02
-3.41491699e-02
-3.41796875e-02
-3.39965820e-02
-3.37829590e-02
-3.36303711e-02
-3.35388184e-02
-3.35083008e-02
-3.35083008e-02
-3.35083008e-02
-3.35998535e-02
-3.37524414e-02
-3.37219238e-02
-3.37219238e-02
-3.37219238e-02
-3.38134766e-02
-3.41491699e-02
-3.44848633e-02
-3.48815918e-02
-3.53393555e-02
-3.56445312e-02
-3.59191895e-02
-3.62854004e-02
-3.66821289e-02
-3.70178223e-02
-3.72619629e-02
-3.71704102e-02
-3.70788574e-02
-3.70788574e-02
-3.73229980e-02
-3.76892090e-02
-3.80249023e-02
-3.83911133e-02
-3.87268066e-02
-3.89709473e-02
-3.92456055e-02
-3.94592285e-02
-3.94897461e-02
-3.97338867e-02
-3.98864746e-02
-4.00085449e-02
-4.01306152e-02
-4.03747559e-02
-4.05578613e-02
-4.08020020e-02
-4.09545898e-02
-4.10766602e-02
-4.11071777e-02
-4.11071777e-02
-4.11071777e-02
-4.10156250e-02
-4.10766602e-02
-4.13208008e-02
-4.15344238e-02
-4.17480469e-02
-4.19616699e-02
-4.21752930e-02
-4.23889160e-02
-4.25415039e-02
-4.26025391e-02
-4.26025391e-02
-4.25720215e-02
-4.24804688e-02
-4.24194336e-02
-4.22973633e-02
-4.22668457e-02
-4.22058105e-02
-4.22363281e-02
-4.22668457e-02
-4.21752930e-02
-4.21752930e-02
-4.21752930e-02
-4.21752930e-02
-4.21752930e-02
-4.20837402e-02
-4.20532227e-02
-4.20532227e-02
-4.19311523e-02
-4.18395996e-02
-4.18395996e-02
-4.17480469e-02
-4.14123535e-02
-4.12292480e-02
-4.11682129e-02
-4.10156250e-02
-4.08325195e-02
-4.08020020e-02
-4.06799316e-02
-4.05273438e-02
-4.06799316e-02
-4.08020020e-02
-4.07409668e-02
-4.06799316e-02
-4.05883789e-02
-4.02526855e-02
-3.98864746e-02
-3.94897461e-02
-3.90625000e-02
-3.86657715e-02
-3.83605957e-02
-3.79943848e-02
-3.75671387e-02
-3.70788574e-02
-3.66210938e-02
-3.60107422e-02
-3.56140137e-02
-3.51867676e-02
-3.44543457e-02
-3.38134766e-02
-3.32946777e-02
-3.27758789e-02
-3.21044922e-02
-3.15551758e-02
-3.10668945e-02
-3.07617188e-02
-3.01818848e-02
-2.94189453e-02
-2.88391113e-02
-2.82897949e-02
-2.77709961e-02
-2.73132324e-02
-2.69775391e-02
-2.65502930e-02
-2.57873535e-02
-2.49633789e-02
-2.42919922e-02
-2.35290527e-02
-2.30102539e-02
-2.24914551e-02
-2.18505859e-02
-2.12097168e-02
-2.04772949e-02
-1.98059082e-02
-1.92565918e-02
-1.87377930e-02
-1.81274414e-02
-1.74560547e-02
-1.66015625e-02
-1.58081055e-02
-1.51062012e-02
-1.44653320e-02
-1.38244629e-02
-1.31835938e-02
-1.27868652e-02
-1.23596191e-02
-1.19018555e-02
-1.15356445e-02
-1.12609863e-02
-1.08642578e-02
-1.04064941e-02
-9.97924805e-03
-9.58251953e-03
-9.03320312e-03
-8.57543945e-03
-8.14819336e-03
-7.72094727e-03
-7.53784180e-03
-7.26318359e-03
-6.98852539e-03
-6.62231445e-03
-6.34765625e-03
-6.31713867e-03
-6.28662109e-03
-6.13403320e-03
-6.04248047e-03
-5.98144531e-03
-5.88989258e-03
-5.70678711e-03
-5.70678711e-03
-5.82885742e-03
-5.79833984e-03
-5.73730469e-03
-5.64575195e-03
-5.58471680e-03
-5.40161133e-03
-5.37109375e-03
-5.15747070e-03
-4.82177734e-03
-4.73022461e-03
-4.76074219e-03
-4.73022461e-03
-4.60815430e-03
-4.48608398e-03
-4.08935547e-03
-3.69262695e-03
-3.35693359e-03
-3.14331055e-03
-3.02124023e-03
-2.74658203e-03
-2.44140625e-03
-2.16674805e-03
-1.92260742e-03
-1.64794922e-03
-1.43432617e-03
-1.19018555e-03
-7.62939453e-04
-3.96728516e-04
0.00000000e+00
3.96728516e-04
7.01904297e-04
1.00708008e-03
1.12915039e-03
1.31225586e-03
1.61743164e-03
2.01416016e-03
2.34985352e-03
2.68554688e-03
2.92968750e-03
3.14331055e-03
3.26538086e-03
3.47900391e-03
3.84521484e-03
4.21142578e-03
4.66918945e-03
5.03540039e-03
5.31005859e-03
5.46264648e-03
5.52368164e-03
5.61523438e-03
5.82885742e-03
6.10351562e-03
6.37817383e-03
6.46972656e-03
6.68334961e-03
6.86645508e-03
6.89697266e-03
7.01904297e-03
6.98852539e-03
6.83593750e-03
6.80541992e-03
6.77490234e-03
6.65283203e-03
6.68334961e-03
6.80541992e-03
6.86645508e-03
6.74438477e-03
6.59179688e-03
6.59179688e-03
6.77490234e-03
6.98852539e-03
7.29370117e-03
7.72094727e-03
7.96508789e-03
8.08715820e-03
8.05664062e-03
8.17871094e-03
8.30078125e-03
8.39233398e-03
8.30078125e-03
8.27026367e-03
8.33129883e-03
8.48388672e-03
8.69750977e-03
9.00268555e-03
9.46044922e-03
1.00097656e-02
1.03149414e-02
1.05285645e-02
1.06506348e-02
1.06201172e-02
1.06201172e-02
1.06201172e-02
